[cosmological_parameters]
ombh2 = 0.005 0.022383 0.05  ; baryon density
n_s = 0.9 0.96605 1.1        ; scalar spectral index
log1e10As = 1.61 3.0448 3.91 ; structure amplitude parameter
