2.900308900000000010e-05 2.016000000000000010e-05 2.019999999999999972e-05 2.048000000000000043e-05 3.049999999999999936e-05 1.857000000000000008e-05 3.629999999999999973e-06 -7.999999999999999638e-07 4.999999999999999774e-07 3.499999999999999842e-07 1.060000000000000016e-06 1.740000000000000069e-06 2.799999999999999873e-06 3.880000000000000121e-06 5.059999999999999835e-06 6.270000000000000108e-06 7.349999999999999932e-06 6.499999999999999600e-06 5.200000000000000188e-06 3.890000000000000025e-06 2.380000000000000083e-06 1.349999999999999992e-06 2.200000000000000112e-07 -9.099999999999999694e-07 -1.100000000000000056e-06 -5.999999999999999464e-08 1.019999999999999975e-06 1.870000000000000095e-06 2.640000000000000135e-06 3.769999999999999904e-06 4.510000000000000018e-06 8.800000000000000449e-07 -2.780000000000000065e-06 -3.409999999999999962e-06 -1.328999999999999981e-05 -6.780000000000000307e-06 5.190000000000000284e-06 3.069999999999999829e-06 -5.557999999999999979e-05 6.309799999999999524e-04
2.016000000000000010e-05 3.102999999999999937e-05 2.016000000000000010e-05 2.046999999999999883e-05 3.047000000000000134e-05 1.985999999999999959e-05 5.300000000000000078e-06 5.199999999999999976e-07 1.289999999999999931e-06 6.099999999999999830e-07 7.299999999999999987e-07 1.080000000000000036e-06 2.340000000000000042e-06 3.629999999999999973e-06 5.030000000000000122e-06 6.510000000000000351e-06 7.799999999999999859e-06 7.029999999999999608e-06 5.789999999999999622e-06 4.519999999999999923e-06 3.050000000000000021e-06 1.870000000000000095e-06 4.899999999999999672e-07 -8.899999999999999491e-07 -1.219999999999999966e-06 -1.100000000000000056e-07 1.030000000000000091e-06 1.810000000000000035e-06 2.430000000000000028e-06 3.639999999999999878e-06 4.570000000000000291e-06 6.099999999999999830e-07 -3.140000000000000006e-06 -3.670000000000000014e-06 -1.333999999999999933e-05 -6.819999999999999924e-06 6.970000000000000182e-06 2.659999999999999943e-06 -5.442999999999999895e-05 6.237400000000000149e-04
2.019999999999999972e-05 2.016000000000000010e-05 4.044999999999999388e-05 2.048999999999999864e-05 3.049999999999999936e-05 1.858000000000000168e-05 3.629999999999999973e-06 -7.899999999999999537e-07 5.099999999999999875e-07 3.599999999999999943e-07 1.060000000000000016e-06 1.749999999999999974e-06 2.810000000000000201e-06 3.880000000000000121e-06 5.069999999999999739e-06 6.280000000000000012e-06 7.349999999999999932e-06 6.510000000000000351e-06 5.210000000000000092e-06 3.899999999999999929e-06 2.389999999999999987e-06 1.359999999999999896e-06 2.299999999999999949e-07 -8.999999999999999593e-07 -1.089999999999999940e-06 -4.999999999999999774e-08 1.019999999999999975e-06 1.870000000000000095e-06 2.640000000000000135e-06 3.779999999999999808e-06 4.519999999999999923e-06 8.800000000000000449e-07 -2.789999999999999969e-06 -3.419999999999999866e-06 -1.329999999999999972e-05 -6.790000000000000212e-06 5.180000000000000380e-06 3.050000000000000021e-06 -5.565999999999999903e-05 6.309500000000000221e-04
2.048000000000000043e-05 2.046999999999999883e-05 2.048999999999999864e-05 6.889648899999999663e-05 3.098999999999999975e-05 2.025999999999999915e-05 5.460000000000000240e-06 5.999999999999999728e-07 1.370000000000000012e-06 6.600000000000000337e-07 7.700000000000000393e-07 1.120000000000000076e-06 2.399999999999999891e-06 3.700000000000000150e-06 5.120000000000000107e-06 6.620000000000000145e-06 7.930000000000000308e-06 7.160000000000000057e-06 5.900000000000000262e-06 4.609999999999999908e-06 3.120000000000000198e-06 1.919999999999999828e-06 5.099999999999999875e-07 -8.999999999999999593e-07 -1.230000000000000082e-06 -8.999999999999999857e-08 1.069999999999999920e-06 1.850000000000000075e-06 2.470000000000000068e-06 3.689999999999999822e-06 4.639999999999999621e-06 6.400000000000000134e-07 -3.170000000000000142e-06 -3.740000000000000191e-06 -1.357000000000000052e-05 -6.980000000000000086e-06 7.079999999999999976e-06 2.539999999999999822e-06 -5.543999999999999775e-05 6.296399999999999957e-04
3.049999999999999936e-05 3.047000000000000134e-05 3.049999999999999936e-05 3.098999999999999975e-05 1.262584889999999939e-04 3.135999999999999790e-05 9.419999999999999595e-06 2.030000000000000046e-06 2.979999999999999844e-06 1.769999999999999994e-06 1.680000000000000009e-06 1.999999999999999909e-06 3.729999999999999863e-06 5.470000000000000144e-06 7.390000000000000396e-06 9.419999999999999595e-06 1.115999999999999988e-05 1.007000000000000015e-05 8.280000000000000345e-06 6.409999999999999615e-06 4.279999999999999679e-06 2.529999999999999917e-06 5.199999999999999976e-07 -1.500000000000000038e-06 -1.919999999999999828e-06 1.000000000000000021e-08 1.900000000000000020e-06 2.799999999999999873e-06 3.189999999999999951e-06 5.010000000000000313e-06 6.829999999999999829e-06 1.659999999999999988e-06 -3.319999999999999977e-06 -5.090000000000000394e-06 -1.970000000000000112e-05 -1.122999999999999921e-05 1.021000000000000050e-05 7.800000000000000494e-07 -8.135999999999999352e-05 7.971299999999999523e-04
1.857000000000000008e-05 1.985999999999999959e-05 1.858000000000000168e-05 2.025999999999999915e-05 3.135999999999999790e-05 2.067878889999999958e-04 1.200200000000000062e-04 9.084999999999999922e-05 5.615999999999999763e-05 2.010000000000000068e-05 -1.877999999999999976e-05 -4.081999999999999881e-05 -2.767000000000000105e-05 -1.266000000000000076e-05 2.470000000000000068e-06 2.031999999999999857e-05 3.533000000000000224e-05 4.000000000000000327e-05 4.230999999999999979e-05 4.377000000000000275e-05 4.582999999999999997e-05 3.426000000000000063e-05 1.671000000000000095e-05 -8.400000000000000043e-07 -1.009999999999999986e-05 -3.430000000000000194e-06 2.950000000000000131e-06 -1.830000000000000055e-06 -1.298999999999999930e-05 -7.160000000000000057e-06 7.799999999999999859e-06 -1.435999999999999973e-05 -2.167000000000000089e-05 -1.915999999999999951e-05 -1.548999999999999908e-05 -1.305000000000000042e-05 1.227599999999999969e-04 -3.508999999999999777e-05 2.523999999999999890e-05 -3.494400000000000154e-04
3.629999999999999973e-06 5.300000000000000078e-06 3.629999999999999973e-06 5.460000000000000240e-06 9.419999999999999595e-06 1.200200000000000062e-04 1.696012890000000019e-04 1.147600000000000058e-04 6.977999999999999936e-05 2.445999999999999959e-05 -2.519000000000000107e-05 -5.356999999999999701e-05 -3.787000000000000164e-05 -1.980000000000000016e-05 -1.689999999999999913e-06 1.981999999999999997e-05 3.788999999999999806e-05 4.457999999999999669e-05 4.870999999999999950e-05 5.181000000000000031e-05 5.582999999999999909e-05 4.219000000000000094e-05 2.106000000000000165e-05 -7.000000000000000477e-08 -1.164000000000000036e-05 -4.410000000000000129e-06 2.489999999999999877e-06 -4.189999999999999694e-06 -1.868000000000000072e-05 -1.240999999999999977e-05 5.480000000000000048e-06 -1.953999999999999926e-05 -2.566000000000000166e-05 -2.118999999999999871e-05 -6.870000000000000293e-06 -9.200000000000000007e-06 1.503300000000000057e-04 -4.509999999999999849e-05 8.587000000000000286e-05 -9.593499999999999814e-04
-7.999999999999999638e-07 5.199999999999999976e-07 -7.899999999999999537e-07 5.999999999999999728e-07 2.030000000000000046e-06 9.084999999999999922e-05 1.147600000000000058e-04 1.098414890000000053e-04 5.478000000000000068e-05 1.936999999999999920e-05 -1.959000000000000048e-05 -4.195000000000000324e-05 -2.996000000000000114e-05 -1.614999999999999953e-05 -2.319999999999999810e-06 1.415999999999999995e-05 2.797000000000000156e-05 3.337000000000000068e-05 3.686999999999999766e-05 3.953999999999999751e-05 4.299000000000000006e-05 3.253999999999999677e-05 1.629999999999999979e-05 4.999999999999999774e-08 -8.909999999999999396e-06 -3.360000000000000017e-06 1.909999999999999924e-06 -3.580000000000000029e-06 -1.524999999999999968e-05 -1.057000000000000044e-05 3.430000000000000194e-06 -1.508999999999999952e-05 -1.891999999999999842e-05 -1.573000000000000017e-05 -2.770000000000000161e-06 -6.340000000000000285e-06 1.161899999999999972e-04 -3.710000000000000054e-05 7.734999999999999634e-05 -9.229099999999999847e-04
4.999999999999999774e-07 1.289999999999999931e-06 5.099999999999999875e-07 1.370000000000000012e-06 2.979999999999999844e-06 5.615999999999999763e-05 6.977999999999999936e-05 5.478000000000000068e-05 4.626348899999999835e-05 1.225999999999999951e-05 -1.117999999999999968e-05 -2.466000000000000107e-05 -1.758999999999999930e-05 -9.470000000000000810e-06 -1.329999999999999972e-06 8.399999999999999196e-06 1.652999999999999928e-05 1.976999999999999876e-05 2.186999999999999898e-05 2.343999999999999919e-05 2.549000000000000159e-05 1.923999999999999875e-05 9.550000000000000044e-06 -1.299999999999999994e-07 -5.439999999999999584e-06 -1.870000000000000095e-06 1.459999999999999997e-06 -1.999999999999999909e-06 -9.360000000000000169e-06 -6.520000000000000256e-06 2.210000000000000016e-06 -8.369999999999999484e-06 -1.026999999999999993e-05 -9.170000000000000294e-06 -1.900000000000000020e-06 -4.840000000000000247e-06 6.933000000000000198e-05 -2.457999999999999844e-05 4.428000000000000295e-05 -6.377200000000000403e-04
3.499999999999999842e-07 6.099999999999999830e-07 3.599999999999999943e-07 6.600000000000000337e-07 1.769999999999999994e-06 2.010000000000000068e-05 2.445999999999999959e-05 1.936999999999999920e-05 1.225999999999999951e-05 1.721008899999999968e-05 -2.730000000000000120e-06 -7.369999999999999741e-06 -5.339999999999999695e-06 -3.040000000000000117e-06 -7.199999999999999886e-07 2.110000000000000127e-06 4.410000000000000129e-06 5.540000000000000321e-06 6.340000000000000285e-06 6.900000000000000005e-06 7.679999999999999314e-06 5.730000000000000196e-06 2.730000000000000120e-06 -2.800000000000000191e-07 -1.870000000000000095e-06 -3.499999999999999842e-07 9.700000000000000302e-07 -5.400000000000000179e-07 -3.700000000000000150e-06 -2.789999999999999969e-06 6.400000000000000134e-07 -1.590000000000000023e-06 -1.199999999999999946e-06 -2.269999999999999866e-06 -0.000000000000000000e+00 -2.939999999999999803e-06 2.180000000000000134e-05 -1.259999999999999964e-05 1.522999999999999987e-05 -4.147199999999999867e-04
1.060000000000000016e-06 7.299999999999999987e-07 1.060000000000000016e-06 7.700000000000000393e-07 1.680000000000000009e-06 -1.877999999999999976e-05 -2.519000000000000107e-05 -1.959000000000000048e-05 -1.117999999999999968e-05 -2.730000000000000120e-06 1.479999999999999891e-05 1.149000000000000010e-05 8.110000000000000279e-06 4.159999999999999981e-06 2.200000000000000112e-07 -4.369999999999999665e-06 -8.319999999999999962e-06 -9.540000000000000140e-06 -1.024000000000000021e-05 -1.083999999999999955e-05 -1.155999999999999943e-05 -8.869999999999999779e-06 -4.650000000000000372e-06 -4.200000000000000022e-07 1.990000000000000005e-06 1.269999999999999911e-06 3.999999999999999819e-07 1.120000000000000076e-06 2.719999999999999792e-06 1.579999999999999907e-06 -8.500000000000000145e-07 5.669999999999999923e-06 8.209999999999999321e-06 4.989999999999999658e-06 1.359999999999999896e-06 -9.399999999999999998e-07 -2.975999999999999967e-05 1.419999999999999957e-06 -1.921999999999999894e-05 -1.062499999999999941e-04
1.740000000000000069e-06 1.080000000000000036e-06 1.749999999999999974e-06 1.120000000000000076e-06 1.999999999999999909e-06 -4.081999999999999881e-05 -5.356999999999999701e-05 -4.195000000000000324e-05 -2.466000000000000107e-05 -7.369999999999999741e-06 1.149000000000000010e-05 7.257000000000000484e-05 1.574999999999999998e-05 8.300000000000000154e-06 8.600000000000000246e-07 -7.890000000000000691e-06 -1.533000000000000061e-05 -1.792000000000000122e-05 -1.949999999999999965e-05 -2.078999999999999915e-05 -2.239000000000000078e-05 -1.709000000000000070e-05 -8.790000000000000545e-06 -4.999999999999999774e-07 4.189999999999999694e-06 2.160000000000000072e-06 4.000000000000000084e-08 2.079999999999999991e-06 6.489999999999999696e-06 4.189999999999999694e-06 -1.630000000000000064e-06 9.670000000000000589e-06 1.326000000000000010e-05 8.980000000000000419e-06 1.859999999999999979e-06 2.599999999999999988e-07 -5.890999999999999671e-05 9.969999999999999411e-06 -3.973000000000000078e-05 1.027599999999999987e-04
2.799999999999999873e-06 2.340000000000000042e-06 2.810000000000000201e-06 2.399999999999999891e-06 3.729999999999999863e-06 -2.767000000000000105e-05 -3.787000000000000164e-05 -2.996000000000000114e-05 -1.758999999999999930e-05 -5.339999999999999695e-06 8.110000000000000279e-06 1.574999999999999998e-05 5.229000000000000249e-05 6.190000000000000027e-06 1.049999999999999900e-06 -5.000000000000000409e-06 -1.013999999999999948e-05 -1.204999999999999983e-05 -1.327999999999999991e-05 -1.431000000000000021e-05 -1.557999999999999991e-05 -1.191999999999999938e-05 -6.150000000000000410e-06 -3.900000000000000247e-07 2.900000000000000186e-06 1.489999999999999922e-06 4.999999999999999774e-08 1.610000000000000044e-06 4.889999999999999768e-06 3.360000000000000017e-06 -7.800000000000000494e-07 6.770000000000000403e-06 8.889999999999999587e-06 5.990000000000000248e-06 1.799999999999999971e-07 -1.799999999999999971e-07 -4.121000000000000016e-05 7.880000000000000787e-06 -3.270000000000000201e-05 1.499100000000000064e-04
3.880000000000000121e-06 3.629999999999999973e-06 3.880000000000000121e-06 3.700000000000000150e-06 5.470000000000000144e-06 -1.266000000000000076e-05 -1.980000000000000016e-05 -1.614999999999999953e-05 -9.470000000000000810e-06 -3.040000000000000117e-06 4.159999999999999981e-06 8.300000000000000154e-06 6.190000000000000027e-06 3.734999999999999985e-05 1.239999999999999986e-06 -1.700000000000000029e-06 -4.179999999999999790e-06 -5.300000000000000078e-06 -6.129999999999999754e-06 -6.839999999999999733e-06 -7.710000000000000720e-06 -5.939999999999999879e-06 -3.099999999999999966e-06 -2.499999999999999887e-07 1.410000000000000053e-06 7.199999999999999886e-07 2.999999999999999732e-08 1.049999999999999900e-06 3.050000000000000021e-06 2.380000000000000083e-06 1.600000000000000033e-07 3.369999999999999922e-06 3.790000000000000136e-06 2.539999999999999822e-06 -1.680000000000000009e-06 -5.899999999999999627e-07 -2.076999999999999935e-05 5.599999999999999747e-06 -2.413000000000000106e-05 2.054100000000000001e-04
5.059999999999999835e-06 5.030000000000000122e-06 5.069999999999999739e-06 5.120000000000000107e-06 7.390000000000000396e-06 2.470000000000000068e-06 -1.689999999999999913e-06 -2.319999999999999810e-06 -1.329999999999999972e-06 -7.199999999999999886e-07 2.200000000000000112e-07 8.600000000000000246e-07 1.049999999999999900e-06 1.239999999999999986e-06 2.747000000000000296e-05 1.639999999999999968e-06 1.830000000000000055e-06 1.489999999999999922e-06 1.060000000000000016e-06 6.600000000000000337e-07 1.699999999999999870e-07 4.999999999999999774e-08 -4.000000000000000084e-08 -1.199999999999999893e-07 -8.000000000000000167e-08 -5.999999999999999464e-08 2.999999999999999732e-08 4.999999999999999774e-07 1.210000000000000062e-06 1.419999999999999957e-06 1.129999999999999981e-06 -1.000000000000000021e-08 -1.309999999999999951e-06 -9.199999999999999795e-07 -3.599999999999999837e-06 -1.049999999999999900e-06 -2.700000000000000090e-07 3.289999999999999841e-06 -1.584000000000000081e-05 2.629099999999999883e-04
6.270000000000000108e-06 6.510000000000000351e-06 6.280000000000000012e-06 6.620000000000000145e-06 9.419999999999999595e-06 2.031999999999999857e-05 1.981999999999999997e-05 1.415999999999999995e-05 8.399999999999999196e-06 2.110000000000000127e-06 -4.369999999999999665e-06 -7.890000000000000691e-06 -5.000000000000000409e-06 -1.700000000000000029e-06 1.639999999999999968e-06 2.571999999999999769e-05 8.780000000000000640e-06 9.379999999999999978e-06 9.439999999999999403e-06 9.429999999999999499e-06 9.419999999999999595e-06 7.070000000000000072e-06 3.549999999999999892e-06 2.000000000000000042e-08 -1.830000000000000055e-06 -9.500000000000000100e-07 4.999999999999999774e-08 -1.600000000000000033e-07 -1.039999999999999995e-06 1.900000000000000073e-07 2.219999999999999921e-06 -3.929999999999999642e-06 -7.140000000000000249e-06 -4.930000000000000232e-06 -5.710000000000000387e-06 -1.639999999999999968e-06 2.381000000000000073e-05 1.600000000000000033e-07 -5.480000000000000048e-06 3.079299999999999876e-04
7.349999999999999932e-06 7.799999999999999859e-06 7.349999999999999932e-06 7.930000000000000308e-06 1.115999999999999988e-05 3.533000000000000224e-05 3.788999999999999806e-05 2.797000000000000156e-05 1.652999999999999928e-05 4.410000000000000129e-06 -8.319999999999999962e-06 -1.533000000000000061e-05 -1.013999999999999948e-05 -4.179999999999999790e-06 1.830000000000000055e-06 8.780000000000000640e-06 3.237999999999999830e-05 1.614000000000000132e-05 1.660000000000000031e-05 1.690999999999999903e-05 1.728999999999999878e-05 1.305000000000000042e-05 6.610000000000000241e-06 1.600000000000000033e-07 -3.310000000000000073e-06 -1.720000000000000049e-06 4.000000000000000084e-08 -7.199999999999999886e-07 -2.889999999999999859e-06 -7.800000000000000494e-07 3.159999999999999815e-06 -7.320000000000000219e-06 -1.222999999999999980e-05 -8.379999999999999388e-06 -7.570000000000000367e-06 -2.060000000000000182e-06 4.425999999999999975e-05 -2.139999999999999840e-06 3.069999999999999829e-06 3.634199999999999865e-04
6.499999999999999600e-06 7.029999999999999608e-06 6.510000000000000351e-06 7.160000000000000057e-06 1.007000000000000015e-05 4.000000000000000327e-05 4.457999999999999669e-05 3.337000000000000068e-05 1.976999999999999876e-05 5.540000000000000321e-06 -9.540000000000000140e-06 -1.792000000000000122e-05 -1.204999999999999983e-05 -5.300000000000000078e-06 1.489999999999999922e-06 9.379999999999999978e-06 1.614000000000000132e-05 2.944999999999999756e-05 1.860999999999999970e-05 1.913000000000000150e-05 1.976999999999999876e-05 1.494999999999999916e-05 7.580000000000000271e-06 1.999999999999999909e-07 -3.800000000000000040e-06 -1.919999999999999828e-06 1.100000000000000056e-07 -1.010000000000000071e-06 -3.899999999999999929e-06 -1.560000000000000099e-06 3.189999999999999951e-06 -8.270000000000000441e-06 -1.328999999999999981e-05 -9.190000000000000103e-06 -7.220000000000000330e-06 -2.150000000000000167e-06 5.102000000000000279e-05 -4.410000000000000129e-06 9.890000000000000177e-06 2.862499999999999919e-04
5.200000000000000188e-06 5.789999999999999622e-06 5.210000000000000092e-06 5.900000000000000262e-06 8.280000000000000345e-06 4.230999999999999979e-05 4.870999999999999950e-05 3.686999999999999766e-05 2.186999999999999898e-05 6.340000000000000285e-06 -1.024000000000000021e-05 -1.949999999999999965e-05 -1.327999999999999991e-05 -6.129999999999999754e-06 1.060000000000000016e-06 9.439999999999999403e-06 1.660000000000000031e-05 1.860999999999999970e-05 2.917000000000000024e-05 2.025999999999999915e-05 2.112999999999999929e-05 1.599999999999999928e-05 8.120000000000000183e-06 2.399999999999999786e-07 -4.069999999999999996e-06 -2.020000000000000142e-06 1.600000000000000033e-07 -1.250000000000000102e-06 -4.680000000000000085e-06 -2.240000000000000153e-06 3.019999999999999885e-06 -8.770000000000000736e-06 -1.360000000000000023e-05 -9.480000000000000715e-06 -6.420000000000000366e-06 -2.079999999999999991e-06 5.484999999999999831e-05 -6.399999999999999710e-06 1.629999999999999979e-05 1.927800000000000076e-04
3.890000000000000025e-06 4.519999999999999923e-06 3.899999999999999929e-06 4.609999999999999908e-06 6.409999999999999615e-06 4.377000000000000275e-05 5.181000000000000031e-05 3.953999999999999751e-05 2.343999999999999919e-05 6.900000000000000005e-06 -1.083999999999999955e-05 -2.078999999999999915e-05 -1.431000000000000021e-05 -6.839999999999999733e-06 6.600000000000000337e-07 9.429999999999999499e-06 1.690999999999999903e-05 1.913000000000000150e-05 2.025999999999999915e-05 2.953000000000000018e-05 2.218999999999999930e-05 1.682999999999999980e-05 8.559999999999999359e-06 2.899999999999999763e-07 -4.259999999999999871e-06 -2.099999999999999799e-06 1.600000000000000033e-07 -1.469999999999999902e-06 -5.309999999999999982e-06 -2.810000000000000201e-06 2.830000000000000010e-06 -9.229999999999999720e-06 -1.390000000000000075e-05 -9.690000000000000398e-06 -5.620000000000000402e-06 -1.870000000000000095e-06 5.783000000000000027e-05 -7.789999999999999955e-06 2.212000000000000167e-05 1.201100000000000003e-04
2.380000000000000083e-06 3.050000000000000021e-06 2.389999999999999987e-06 3.120000000000000198e-06 4.279999999999999679e-06 4.582999999999999997e-05 5.582999999999999909e-05 4.299000000000000006e-05 2.549000000000000159e-05 7.679999999999999314e-06 -1.155999999999999943e-05 -2.239000000000000078e-05 -1.557999999999999991e-05 -7.710000000000000720e-06 1.699999999999999870e-07 9.419999999999999595e-06 1.728999999999999878e-05 1.976999999999999876e-05 2.112999999999999929e-05 2.218999999999999930e-05 3.027999999999999808e-05 1.785999999999999841e-05 9.099999999999999271e-06 3.399999999999999740e-07 -4.510000000000000018e-06 -2.200000000000000112e-06 1.900000000000000073e-07 -1.729999999999999953e-06 -6.109999999999999946e-06 -3.530000000000000084e-06 2.609999999999999998e-06 -9.739999999999999919e-06 -1.419999999999999957e-05 -9.949999999999999603e-06 -4.680000000000000085e-06 -1.700000000000000029e-06 6.158999999999999816e-05 -9.730000000000000015e-06 2.915000000000000043e-05 2.267000000000000148e-05
1.349999999999999992e-06 1.870000000000000095e-06 1.359999999999999896e-06 1.919999999999999828e-06 2.529999999999999917e-06 3.426000000000000063e-05 4.219000000000000094e-05 3.253999999999999677e-05 1.923999999999999875e-05 5.730000000000000196e-06 -8.869999999999999779e-06 -1.709000000000000070e-05 -1.191999999999999938e-05 -5.939999999999999879e-06 4.999999999999999774e-08 7.070000000000000072e-06 1.305000000000000042e-05 1.494999999999999916e-05 1.599999999999999928e-05 1.682999999999999980e-05 1.785999999999999841e-05 1.983000000000000157e-05 6.939999999999999622e-06 2.999999999999999864e-07 -3.390000000000000154e-06 -1.689999999999999913e-06 8.999999999999999857e-08 -1.359999999999999896e-06 -4.639999999999999621e-06 -2.699999999999999984e-06 1.889999999999999904e-06 -7.510000000000000094e-06 -1.089000000000000077e-05 -7.539999999999999807e-06 -3.319999999999999977e-06 -1.039999999999999995e-06 4.671999999999999992e-05 -7.099999999999999785e-06 2.324000000000000111e-05 2.021000000000000132e-05
2.200000000000000112e-07 4.899999999999999672e-07 2.299999999999999949e-07 5.099999999999999875e-07 5.199999999999999976e-07 1.671000000000000095e-05 2.106000000000000165e-05 1.629999999999999979e-05 9.550000000000000044e-06 2.730000000000000120e-06 -4.650000000000000372e-06 -8.790000000000000545e-06 -6.150000000000000410e-06 -3.099999999999999966e-06 -4.000000000000000084e-08 3.549999999999999892e-06 6.610000000000000241e-06 7.580000000000000271e-06 8.120000000000000183e-06 8.559999999999999359e-06 9.099999999999999271e-06 6.939999999999999622e-06 8.869999999999999779e-06 2.100000000000000011e-07 -1.670000000000000104e-06 -8.899999999999999491e-07 -4.999999999999999774e-08 -7.400000000000000089e-07 -2.309999999999999906e-06 -1.349999999999999992e-06 8.800000000000000449e-07 -3.989999999999999915e-06 -5.779999999999999717e-06 -3.860000000000000312e-06 -1.500000000000000038e-06 -1.900000000000000073e-07 2.368000000000000028e-05 -3.009999999999999980e-06 1.279999999999999942e-05 2.708999999999999982e-05
-9.099999999999999694e-07 -8.899999999999999491e-07 -8.999999999999999593e-07 -8.999999999999999593e-07 -1.500000000000000038e-06 -8.400000000000000043e-07 -7.000000000000000477e-08 4.999999999999999774e-08 -1.299999999999999994e-07 -2.800000000000000191e-07 -4.200000000000000022e-07 -4.999999999999999774e-07 -3.900000000000000247e-07 -2.499999999999999887e-07 -1.199999999999999893e-07 2.000000000000000042e-08 1.600000000000000033e-07 1.999999999999999909e-07 2.399999999999999786e-07 2.899999999999999763e-07 3.399999999999999740e-07 2.999999999999999864e-07 2.100000000000000011e-07 4.529999999999998980e-06 4.000000000000000084e-08 -8.999999999999999857e-08 -1.799999999999999971e-07 -1.199999999999999893e-07 2.000000000000000042e-08 0.000000000000000000e+00 -1.400000000000000095e-07 -4.799999999999999571e-07 -6.700000000000000438e-07 -1.799999999999999971e-07 3.300000000000000168e-07 6.700000000000000438e-07 6.400000000000000134e-07 1.080000000000000036e-06 2.359999999999999851e-06 3.397000000000000171e-05
-1.100000000000000056e-06 -1.219999999999999966e-06 -1.089999999999999940e-06 -1.230000000000000082e-06 -1.919999999999999828e-06 -1.009999999999999986e-05 -1.164000000000000036e-05 -8.909999999999999396e-06 -5.439999999999999584e-06 -1.870000000000000095e-06 1.990000000000000005e-06 4.189999999999999694e-06 2.900000000000000186e-06 1.410000000000000053e-06 -8.000000000000000167e-08 -1.830000000000000055e-06 -3.310000000000000073e-06 -3.800000000000000040e-06 -4.069999999999999996e-06 -4.259999999999999871e-06 -4.510000000000000018e-06 -3.390000000000000154e-06 -1.670000000000000104e-06 4.000000000000000084e-08 4.969999999999999849e-06 3.700000000000000044e-07 -2.100000000000000011e-07 2.700000000000000090e-07 1.340000000000000088e-06 7.999999999999999638e-07 -6.099999999999999830e-07 1.560000000000000099e-06 2.229999999999999825e-06 1.830000000000000055e-06 1.089999999999999940e-06 9.199999999999999795e-07 -1.208999999999999944e-05 3.170000000000000142e-06 -4.580000000000000195e-06 4.020000000000000136e-05
-5.999999999999999464e-08 -1.100000000000000056e-07 -4.999999999999999774e-08 -8.999999999999999857e-08 1.000000000000000021e-08 -3.430000000000000194e-06 -4.410000000000000129e-06 -3.360000000000000017e-06 -1.870000000000000095e-06 -3.499999999999999842e-07 1.269999999999999911e-06 2.160000000000000072e-06 1.489999999999999922e-06 7.199999999999999886e-07 -5.999999999999999464e-08 -9.500000000000000100e-07 -1.720000000000000049e-06 -1.919999999999999828e-06 -2.020000000000000142e-06 -2.099999999999999799e-06 -2.200000000000000112e-06 -1.689999999999999913e-06 -8.899999999999999491e-07 -8.999999999999999857e-08 3.700000000000000044e-07 3.880000000000000121e-06 1.299999999999999994e-07 1.999999999999999909e-07 3.900000000000000247e-07 1.600000000000000033e-07 -2.200000000000000112e-07 1.159999999999999905e-06 1.790000000000000014e-06 1.030000000000000091e-06 4.899999999999999672e-07 -2.599999999999999988e-07 -5.589999999999999842e-06 -3.700000000000000044e-07 -2.740000000000000024e-06 -5.306999999999999841e-05
1.019999999999999975e-06 1.030000000000000091e-06 1.019999999999999975e-06 1.069999999999999920e-06 1.900000000000000020e-06 2.950000000000000131e-06 2.489999999999999877e-06 1.909999999999999924e-06 1.459999999999999997e-06 9.700000000000000302e-07 3.999999999999999819e-07 4.000000000000000084e-08 4.999999999999999774e-08 2.999999999999999732e-08 2.999999999999999732e-08 4.999999999999999774e-08 4.000000000000000084e-08 1.100000000000000056e-07 1.600000000000000033e-07 1.600000000000000033e-07 1.900000000000000073e-07 8.999999999999999857e-08 -4.999999999999999774e-08 -1.799999999999999971e-07 -2.100000000000000011e-07 1.299999999999999994e-07 3.620000000000000069e-06 1.199999999999999893e-07 -4.499999999999999796e-07 -3.499999999999999842e-07 1.900000000000000073e-07 5.799999999999999526e-07 9.999999999999999547e-07 1.199999999999999893e-07 -2.499999999999999887e-07 -1.230000000000000082e-06 1.010000000000000071e-06 -3.130000000000000102e-06 -1.219999999999999966e-06 -1.099800000000000007e-04
1.870000000000000095e-06 1.810000000000000035e-06 1.870000000000000095e-06 1.850000000000000075e-06 2.799999999999999873e-06 -1.830000000000000055e-06 -4.189999999999999694e-06 -3.580000000000000029e-06 -1.999999999999999909e-06 -5.400000000000000179e-07 1.120000000000000076e-06 2.079999999999999991e-06 1.610000000000000044e-06 1.049999999999999900e-06 4.999999999999999774e-07 -1.600000000000000033e-07 -7.199999999999999886e-07 -1.010000000000000071e-06 -1.250000000000000102e-06 -1.469999999999999902e-06 -1.729999999999999953e-06 -1.359999999999999896e-06 -7.400000000000000089e-07 -1.199999999999999893e-07 2.700000000000000090e-07 1.999999999999999909e-07 1.199999999999999893e-07 3.589999999999999933e-06 7.600000000000000291e-07 6.500000000000000235e-07 2.399999999999999786e-07 9.500000000000000100e-07 9.900000000000000505e-07 4.999999999999999774e-07 -9.500000000000000100e-07 -6.199999999999999931e-07 -4.639999999999999621e-06 8.899999999999999491e-07 -8.149999999999999896e-06 5.345999999999999976e-05
2.640000000000000135e-06 2.430000000000000028e-06 2.640000000000000135e-06 2.470000000000000068e-06 3.189999999999999951e-06 -1.298999999999999930e-05 -1.868000000000000072e-05 -1.524999999999999968e-05 -9.360000000000000169e-06 -3.700000000000000150e-06 2.719999999999999792e-06 6.489999999999999696e-06 4.889999999999999768e-06 3.050000000000000021e-06 1.210000000000000062e-06 -1.039999999999999995e-06 -2.889999999999999859e-06 -3.899999999999999929e-06 -4.680000000000000085e-06 -5.309999999999999982e-06 -6.109999999999999946e-06 -4.639999999999999621e-06 -2.309999999999999906e-06 2.000000000000000042e-08 1.340000000000000088e-06 3.900000000000000247e-07 -4.499999999999999796e-07 7.600000000000000291e-07 6.039999999999999769e-06 2.560000000000000054e-06 8.999999999999999857e-08 1.839999999999999959e-06 1.370000000000000012e-06 1.610000000000000044e-06 -1.670000000000000104e-06 9.099999999999999694e-07 -1.726000000000000076e-05 8.899999999999999491e-06 -2.006000000000000106e-05 3.488599999999999904e-04
3.769999999999999904e-06 3.639999999999999878e-06 3.779999999999999808e-06 3.689999999999999822e-06 5.010000000000000313e-06 -7.160000000000000057e-06 -1.240999999999999977e-05 -1.057000000000000044e-05 -6.520000000000000256e-06 -2.789999999999999969e-06 1.579999999999999907e-06 4.189999999999999694e-06 3.360000000000000017e-06 2.380000000000000083e-06 1.419999999999999957e-06 1.900000000000000073e-07 -7.800000000000000494e-07 -1.560000000000000099e-06 -2.240000000000000153e-06 -2.810000000000000201e-06 -3.530000000000000084e-06 -2.699999999999999984e-06 -1.349999999999999992e-06 0.000000000000000000e+00 7.999999999999999638e-07 1.600000000000000033e-07 -3.499999999999999842e-07 6.500000000000000235e-07 2.560000000000000054e-06 5.179999999999999533e-06 5.600000000000000382e-07 8.999999999999999593e-07 -1.299999999999999994e-07 4.499999999999999796e-07 -2.690000000000000079e-06 3.499999999999999842e-07 -1.046999999999999971e-05 7.700000000000000816e-06 -1.921999999999999894e-05 3.646599999999999950e-04
4.510000000000000018e-06 4.570000000000000291e-06 4.519999999999999923e-06 4.639999999999999621e-06 6.829999999999999829e-06 7.799999999999999859e-06 5.480000000000000048e-06 3.430000000000000194e-06 2.210000000000000016e-06 6.400000000000000134e-07 -8.500000000000000145e-07 -1.630000000000000064e-06 -7.800000000000000494e-07 1.600000000000000033e-07 1.129999999999999981e-06 2.219999999999999921e-06 3.159999999999999815e-06 3.189999999999999951e-06 3.019999999999999885e-06 2.830000000000000010e-06 2.609999999999999998e-06 1.889999999999999904e-06 8.800000000000000449e-07 -1.400000000000000095e-07 -6.099999999999999830e-07 -2.200000000000000112e-07 1.900000000000000073e-07 2.399999999999999786e-07 8.999999999999999857e-08 5.600000000000000382e-07 4.439999999999999841e-06 -7.600000000000000291e-07 -2.020000000000000142e-06 -1.659999999999999988e-06 -3.310000000000000073e-06 -1.480000000000000018e-06 6.530000000000000160e-06 2.100000000000000011e-07 -9.470000000000000810e-06 1.553799999999999929e-04
8.800000000000000449e-07 6.099999999999999830e-07 8.800000000000000449e-07 6.400000000000000134e-07 1.659999999999999988e-06 -1.435999999999999973e-05 -1.953999999999999926e-05 -1.508999999999999952e-05 -8.369999999999999484e-06 -1.590000000000000023e-06 5.669999999999999923e-06 9.670000000000000589e-06 6.770000000000000403e-06 3.369999999999999922e-06 -1.000000000000000021e-08 -3.929999999999999642e-06 -7.320000000000000219e-06 -8.270000000000000441e-06 -8.770000000000000736e-06 -9.229999999999999720e-06 -9.739999999999999919e-06 -7.510000000000000094e-06 -3.989999999999999915e-06 -4.799999999999999571e-07 1.560000000000000099e-06 1.159999999999999905e-06 5.799999999999999526e-07 9.500000000000000100e-07 1.839999999999999959e-06 8.999999999999999593e-07 -7.600000000000000291e-07 8.450000000000000412e-06 7.839999999999999476e-06 4.459999999999999650e-06 1.509999999999999942e-06 -1.459999999999999997e-06 -2.460000000000000164e-05 -1.300000000000000047e-06 -1.484000000000000022e-05 -2.005700000000000126e-04
-2.780000000000000065e-06 -3.140000000000000006e-06 -2.789999999999999969e-06 -3.170000000000000142e-06 -3.319999999999999977e-06 -2.167000000000000089e-05 -2.566000000000000166e-05 -1.891999999999999842e-05 -1.026999999999999993e-05 -1.199999999999999946e-06 8.209999999999999321e-06 1.326000000000000010e-05 8.889999999999999587e-06 3.790000000000000136e-06 -1.309999999999999951e-06 -7.140000000000000249e-06 -1.222999999999999980e-05 -1.328999999999999981e-05 -1.360000000000000023e-05 -1.390000000000000075e-05 -1.419999999999999957e-05 -1.089000000000000077e-05 -5.779999999999999717e-06 -6.700000000000000438e-07 2.229999999999999825e-06 1.790000000000000014e-06 9.999999999999999547e-07 9.900000000000000505e-07 1.370000000000000012e-06 -1.299999999999999994e-07 -2.020000000000000142e-06 7.839999999999999476e-06 1.701000000000000146e-05 7.359999999999999836e-06 5.300000000000000078e-06 -1.740000000000000069e-06 -3.495000000000000249e-05 -6.299999999999999821e-06 -7.880000000000000787e-06 -5.780400000000000425e-04
-3.409999999999999962e-06 -3.670000000000000014e-06 -3.419999999999999866e-06 -3.740000000000000191e-06 -5.090000000000000394e-06 -1.915999999999999951e-05 -2.118999999999999871e-05 -1.573000000000000017e-05 -9.170000000000000294e-06 -2.269999999999999866e-06 4.989999999999999658e-06 8.980000000000000419e-06 5.990000000000000248e-06 2.539999999999999822e-06 -9.199999999999999795e-07 -4.930000000000000232e-06 -8.379999999999999388e-06 -9.190000000000000103e-06 -9.480000000000000715e-06 -9.690000000000000398e-06 -9.949999999999999603e-06 -7.539999999999999807e-06 -3.860000000000000312e-06 -1.799999999999999971e-07 1.830000000000000055e-06 1.030000000000000091e-06 1.199999999999999893e-07 4.999999999999999774e-07 1.610000000000000044e-06 4.499999999999999796e-07 -1.659999999999999988e-06 4.459999999999999650e-06 7.359999999999999836e-06 1.012000000000000136e-05 3.970000000000000106e-06 6.400000000000000134e-07 -2.530999999999999992e-05 3.900000000000000247e-07 -3.620000000000000069e-06 -2.281899999999999955e-04
-1.328999999999999981e-05 -1.333999999999999933e-05 -1.329999999999999972e-05 -1.357000000000000052e-05 -1.970000000000000112e-05 -1.548999999999999908e-05 -6.870000000000000293e-06 -2.770000000000000161e-06 -1.900000000000000020e-06 -0.000000000000000000e+00 1.359999999999999896e-06 1.859999999999999979e-06 1.799999999999999971e-07 -1.680000000000000009e-06 -3.599999999999999837e-06 -5.710000000000000387e-06 -7.570000000000000367e-06 -7.220000000000000330e-06 -6.420000000000000366e-06 -5.620000000000000402e-06 -4.680000000000000085e-06 -3.319999999999999977e-06 -1.500000000000000038e-06 3.300000000000000168e-07 1.089999999999999940e-06 4.899999999999999672e-07 -2.499999999999999887e-07 -9.500000000000000100e-07 -1.670000000000000104e-06 -2.690000000000000079e-06 -3.310000000000000073e-06 1.509999999999999942e-06 5.300000000000000078e-06 3.970000000000000106e-06 1.652999999999999928e-05 3.409999999999999962e-06 -1.074000000000000051e-05 -5.030000000000000122e-06 3.409000000000000056e-05 -6.013099999999999739e-04
-6.780000000000000307e-06 -6.819999999999999924e-06 -6.790000000000000212e-06 -6.980000000000000086e-06 -1.122999999999999921e-05 -1.305000000000000042e-05 -9.200000000000000007e-06 -6.340000000000000285e-06 -4.840000000000000247e-06 -2.939999999999999803e-06 -9.399999999999999998e-07 2.599999999999999988e-07 -1.799999999999999971e-07 -5.899999999999999627e-07 -1.049999999999999900e-06 -1.639999999999999968e-06 -2.060000000000000182e-06 -2.150000000000000167e-06 -2.079999999999999991e-06 -1.870000000000000095e-06 -1.700000000000000029e-06 -1.039999999999999995e-06 -1.900000000000000073e-07 6.700000000000000438e-07 9.199999999999999795e-07 -2.599999999999999988e-07 -1.230000000000000082e-06 -6.199999999999999931e-07 9.099999999999999694e-07 3.499999999999999842e-07 -1.480000000000000018e-06 -1.459999999999999997e-06 -1.740000000000000069e-06 6.400000000000000134e-07 3.409999999999999962e-06 1.310999999999999815e-05 -5.669999999999999923e-06 8.189999999999999513e-06 1.312999999999999965e-05 1.759800000000000058e-04
5.190000000000000284e-06 6.970000000000000182e-06 5.180000000000000380e-06 7.079999999999999976e-06 1.021000000000000050e-05 1.227599999999999969e-04 1.503300000000000057e-04 1.161899999999999972e-04 6.933000000000000198e-05 2.180000000000000134e-05 -2.975999999999999967e-05 -5.890999999999999671e-05 -4.121000000000000016e-05 -2.076999999999999935e-05 -2.700000000000000090e-07 2.381000000000000073e-05 4.425999999999999975e-05 5.102000000000000279e-05 5.484999999999999831e-05 5.783000000000000027e-05 6.158999999999999816e-05 4.671999999999999992e-05 2.368000000000000028e-05 6.400000000000000134e-07 -1.208999999999999944e-05 -5.589999999999999842e-06 1.010000000000000071e-06 -4.639999999999999621e-06 -1.726000000000000076e-05 -1.046999999999999971e-05 6.530000000000000160e-06 -2.460000000000000164e-05 -3.495000000000000249e-05 -2.530999999999999992e-05 -1.074000000000000051e-05 -5.669999999999999923e-06 1.721800000000000218e-04 -3.147999999999999675e-05 8.275000000000000563e-05 -2.328999999999999961e-04
3.069999999999999829e-06 2.659999999999999943e-06 3.050000000000000021e-06 2.539999999999999822e-06 7.800000000000000494e-07 -3.508999999999999777e-05 -4.509999999999999849e-05 -3.710000000000000054e-05 -2.457999999999999844e-05 -1.259999999999999964e-05 1.419999999999999957e-06 9.969999999999999411e-06 7.880000000000000787e-06 5.599999999999999747e-06 3.289999999999999841e-06 1.600000000000000033e-07 -2.139999999999999840e-06 -4.410000000000000129e-06 -6.399999999999999710e-06 -7.789999999999999955e-06 -9.730000000000000015e-06 -7.099999999999999785e-06 -3.009999999999999980e-06 1.080000000000000036e-06 3.170000000000000142e-06 -3.700000000000000044e-07 -3.130000000000000102e-06 8.899999999999999491e-07 8.899999999999999491e-06 7.700000000000000816e-06 2.100000000000000011e-07 -1.300000000000000047e-06 -6.299999999999999821e-06 3.900000000000000247e-07 -5.030000000000000122e-06 8.189999999999999513e-06 -3.147999999999999675e-05 4.838000000000000097e-05 -3.939000000000000064e-05 1.545759999999999973e-03
-5.557999999999999979e-05 -5.442999999999999895e-05 -5.565999999999999903e-05 -5.543999999999999775e-05 -8.135999999999999352e-05 2.523999999999999890e-05 8.587000000000000286e-05 7.734999999999999634e-05 4.428000000000000295e-05 1.522999999999999987e-05 -1.921999999999999894e-05 -3.973000000000000078e-05 -3.270000000000000201e-05 -2.413000000000000106e-05 -1.584000000000000081e-05 -5.480000000000000048e-06 3.069999999999999829e-06 9.890000000000000177e-06 1.629999999999999979e-05 2.212000000000000167e-05 2.915000000000000043e-05 2.324000000000000111e-05 1.279999999999999942e-05 2.359999999999999851e-06 -4.580000000000000195e-06 -2.740000000000000024e-06 -1.219999999999999966e-06 -8.149999999999999896e-06 -2.006000000000000106e-05 -1.921999999999999894e-05 -9.470000000000000810e-06 -1.484000000000000022e-05 -7.880000000000000787e-06 -3.620000000000000069e-06 3.409000000000000056e-05 1.312999999999999965e-05 8.275000000000000563e-05 -3.939000000000000064e-05 2.567900000000000130e-04 -2.510590000000000044e-03
